1000
428467 6334
19169 15724
4809358 26962
4645705 28145
2826827 9961
4912995 11942
3275436 32391
1043902 153
2932382 17421
2179718 19895
4491726 14771
381869 19912
1696299 17035
3968703 23811
3250333 17673
1655141 7711
2536868 25547
1472662 32757
382859 8723
2437529 778
3163035 22190
3420288 30106
408942 19264
1507446 23805
3906729 24370
3515006 31101
3933548 19629
1254084 19954
2571840 4966
3773931 26308
4472439 24626
3235537 21538
1182082 22929
414833 31115
1419658 22704
4313977 2306
1752386 5021
2476924 19072
2705829 26777
735097 16512
4873290 9161
1382355 24767
1565574 4031
547350 1150
4431724 13966
4331107 30191
81337 15457
2897753 10383
4458909 32209
2604221 18588
4244946 27506
316413 29168
4032591 18762
1567410 6359
1260537 21548
4857595 4041
1044350 10291
3369374 11020
984021 27348
2009668 24484
2814734 53
16418 27938
4003788 18127
4673728 14893
1502483 17807
4224310 6617
3139514 14309
1178935 17451
1005249 16519
582798 30303
2251008 5844
1104989 32702
1970485 3093
3460523 1587
3149503 7448
2013458 6618
819796 14798
2829589 20798
117157 20472
1238538 12292
404179 18190
1577958 6191
3172888 19156
126202 2634
2740055 20328
1486362 4886
3778433 29869
1443844 1416
3841998 10322
1520021 5699
598476 27892
3895075 10712
1002510 21003
3707861 14688
4019789 15255
4235002 10585
1830285 27088
4288617 23757
3350932 4169
1565721 17189
4791329 2368
1941425 10555
4356549 7441
150145 18060
2183753 16139
4246279 25996
1882529 22549
4389866 12949
1953195 3297
4188286 16105
4896282 12455
2358114 11701
3180671 5786
2634313 24355
1870053 912
3081832 20945
3157756 28321
603646 27982
4814144 23196
2227129 2161
370450 11173
4672044 21659
2946439 17253
266154 29510
2470649 13186
3134474 28022
1694018 18787
4067958 7391
2023625 26477
4149314 25824
3365874 24372
1601833 28070
4898297 7518
1787773 32270
2632668 17192
4853102 8480
2137627 4802
1020527 2625
431924 11023
4733061 14181
57432 17505
952725 13031
4920142 17222
2873064 7900
1878360 22413
4754270 29170
2380833 19711
2618896 4667
2862550 140
1942695 21624
192125 26576
1962658 26302
3732466 4678
953851 25484
208464 21119
1522800 18087
601926 9010
2602170 20315
790227 12043
2587164 5109
3837086 29565
4899577 14474
1275627 5629
4305423 28520
4034962 123
963737 13261
1982525 1264
2606202 8116
320326 29011
2716411 25547
1551520 29790
4270188 21763
4420851 18662
3320900 17713
4597578 8365
81477 1200
586439 2303
2619357 2324
4775108 21113
3889801 22850
4622428 12993
3859405 6540
1138704 12835
3566072 29350
3244485 20556
2161626 9357
273357 29337
2733869 29361
3973022 29617
1132717 18696
874041 24423
1314229 4565
598932 22296
3562053 16962
869734 6654
4741457 14369
322963 2607
4830911 11635
692848 4675
4382223 22142
2546511 22741
1771459 17825
2227870 1626
4355205 31783
3517398 22279
2022193 12734
1396534 5556
4940176 25705
4630548 15881
3014413 16641
3574855 13142
4647611 30877
4272678 1752
4458296 12673
409313 875
732818 610
184932 28112
1963169 23831
426488 28685
919497 2589
4915145 19353
3158651 26740
451258 335
2601192 7605
2652181 28503
3313775 20608
2925997 17549
585561 31627
4699541 26129
2427813 29174
1016077 20215
1838213 23992
3245601 23392
2592670 26428
274084 10075
2875498 24970
2893847 32604
51221 22663
2062363 9010
1737489 18240
1665542 7619
4137591 6704
3189232 750
2054975 1539
3041422 21098
2483584 13648
4727864 22913
771545 28712
478678 1769
2628519 13985
2905944 2865
423245 25508
3207870 9601
3251132 24472
1545087 28570
2659901 17103
4233527 11600
4704015 5565
301543 25347
882943 12637
4116463 5049
1811588 11342
1112060 21221
2609954 20888
1460690 7949
3451430 25620
2507067 4536
2848035 32226
1857038 9853
1301224 15748
4233359 32257
2664944 14955
3212726 25411
270355 31001
499496 18584
167964 23342
767913 16142
1981948 25072
4274606 26173
4322404 6705
1289812 19375
946565 16036
2389141 30814
4948256 6652
4390838 20482
3571015 1131
2317841 14625
142637 4186
1901650 5662
1350893 10353
4173452 14008
2642233 5454
3046634 26303
2560148 11124
3174213 27109
309200 21080
3196858 24050
1581361 15264
4033676 29643
4104902 3561
4914948 1282
1560674 2220
4026923 3831
3693878 20259
102619 23971
51945 9781
52392 32685
3136698 5589
2225938 19037
4131461 6234
89961 3959
4931515 25269
4398869 58
2013971 26264
1186215 24555
3168330 3039
2149288 28082
4556085 20710
4864774 8380
3175951 6541
1151679 17110
4003073 788
4788132 29956
1916113 10008
4425790 1723
3630028 25184
2787200 5071
3871974 1071
3352867 26153
2982168 20825
1775629 28650
983309 4693
1890080 10116
2516667 1528
1797864 29421
4058826 6816
187726 28666
897681 19964
3405686 6021
1634721 6064
3110415 17902
3747124 23941
2481762 28423
314806 12268
3185602 31907
3093481 1012
1386630 24114
3094084 23556
2921293 29996
1521054 25345
2080248 7491
2125131 30114
4397958 24722
2046995 1052
2697479 18238
4257918 10866
1622498 28486
1967462 26633
1592022 1146
3933037 3925
1499458 6602
3074098 27830
2934600 7278
3008352 20448
3820540 28315
758762 9567
3378397 31418
3995828 13851
3184230 4449
4250658 229
210940 29560
1495162 1655
1750792 22361
2556398 23146
2166946 21188
698638 27663
774515 11521
4765615 20528
2352570 905
4659557 28962
1640524 12549
4690330 31923
3514333 22925
4119737 16336
3371278 12393
1390714 28164
929949 19135
63337 10004
3372623 28664
4725608 30568
2817085 9152
3758652 8194
3783826 28396
726249 14640
1758819 943
1111941 20289
4195565 3805
866216 31450
1152609 11064
1676893 16074
120300 19695
745589 13161
1737968 27358
336268 19426
110422 30774
2820910 23552
1845391 15495
2640874 1364
4048255 4460
4746972 26821
1245547 21577
2915605 30195
947950 16343
2542481 1012
1743439 13428
4129762 5967
4084415 1908
2241759 26434
2069486 4319
4585945 26806
1678700 11367
1941787 28532
590974 3447
228283 26222
3312376 28583
4492723 17982
194776 9220
1142182 23856
4908925 4324
4879677 15969
1437534 15677
1711068 21991
1967783 16828
2299426 15871
1987612 18703
281408 5545
87185 30238
2396443 21313
18850 25128
1133650 28149
1921454 15869
1837465 20267
2149793 18634
4740972 22830
4038442 5177
3795770 702
3641381 16590
3232237 8023
1806595 20169
3282042 31310
1831058 7926
4871670 32528
1512258 7213
3625783 21286
2428610 4472
1298434 5841
2183503 14867
3660938 1881
2592750 28614
1008458 2661
662756 20807
2799489 19435
3682075 7586
3867833 8360
3326048 8928
4932433 23840
2661735 19810
1001837 21892
4827328 29352
3721244 21794
1089252 11647
4329535 7208
2643497 23243
1512015 26841
1906100 19812
1489523 19851
4768633 29891
2019854 9990
1974919 17780
792931 32544
3413487 899
258483 5538
4926193 28252
111560 15834
3431497 2785
321540 18805
2923392 13210
511578 26979
4719277 73
1931620 21497
3291276 19790
833578 11159
4206489 159
4502924 9072
3827008 27967
2086477 18503
3732607 14196
753722 12611
218761 11056
3931163 16683
2179932 25452
2414954 6813
3630396 15460
1160904 2599
1364680 9198
334387 32584
2403517 17006
1700241 18882
2493523 31758
1079621 17095
2969916 15678
1793579 25058
782750 14007
2314081 2995
1804676 27753
4001784 15565
943608 6172
2459929 7514
1685055 11191
4738922 6748
1520986 2144
4491577 26517
1319916 5874
2925469 22912
1490693 9091
3176949 26857
1426052 236
519487 31226
1636955 23183
3970180 16097
677065 2513
2622578 21078
3794140 4611
4472445 170
4763489 24750
1493333 13865
2157282 27007
4328896 16367
224882 31810
1417231 2187
2056479 6321
411351 19447
2089646 22276
2620189 30422
1668486 3455
309614 4860
2541777 31348
40861 22431
832455 14197
1068752 15821
2986281 26021
4565947 27124
3189135 11376
2769859 24998
749253 6922
1351643 28888
1543232 4747
1819926 25678
4514801 24961
2010855 26363
2170573 31561
2456473 28274
524353 1181
2872699 18110
1447465 7172
299981 2112
4764381 8247
3916671 8805
3750032 3989
3223165 15431
1591293 17206
796948 2206
1728166 3396
2001020 23694
304788 30109
4851969 28978
1174015 16626
1849168 17906
4292097 28118
3915199 11785
4879199 12420
2118271 15813
4156085 318
801331 7267
3883444 23186
74360 17827
766431 7152
2720268 4693
3850337 31311
1052677 406
2709022 19413
542 17537
401388 7355
2921647 3181
946584 10987
2630493 8217
27482 29447
1660753 22104
859095 13525
2213964 21781
3728106 3656
3452593 27080
814868 21411
2150968 3251
2172079 28768
431531 12933
2810663 12259
1557936 2095
3661874 7720
3375680 8976
4555725 4071
3093559 9156
1037832 7905
4407375 21562
3871962 21080
3370797 31202
90080 5340
769058 31493
2408546 20474
2749097 8880
3361072 23400
2092955 20666
1433588 12481
1708315 19396
2251009 22012
1371455 18762
430742 21
4244512 9248
207368 23717
2157650 13290
3362759 3169
3955303 22640
4814199 29105
2928661 8681
1528753 24033
305987 7042
2550083 11420
3172718 12244
637229 20652
3644769 30470
71047 1594
4894326 3276
3236540 7679
4932588 24710
2727945 29221
4720183 23589
4554978 24779
73262 20135
4897196 29033
892935 19779
4944790 24962
4661001 19105
3094567 2669
1372671 1457
4983545 13597
2188838 14844
3728563 21028
2668801 14723
4907604 31601
2281197 23692
2730363 29301
3637721 3565
4233445 18610
4966741 15022
3149151 23015
553393 8738
2809882 1608
1543822 32707
2451338 144
2931339 23154
1044623 22225
801724 31981
3329733 28223
969130 18846
4899445 18805
1165750 20489
3401963 28135
2002209 21630
2241908 26737
4771920 27372
2933855 6734
641056 27606
1847075 28382
1196741 30432
1852779 12279
2850667 30836
1274118 12737
312119 20577
2384091 20556
2966060 21901
2933432 2136
814875 5907
1868074 8719
2920476 30041
3518329 16290
4763072 3591
1905787 31490
2404893 3053
640681 25903
74176 18479
1956139 32468
1083 23639
177621 29993
3275722 23838
3292581 24399
4791891 1023
4454834 14243
3492702 8707
45141 10687
3475891 24637
4141400 22816
1913162 8935
1279410 19877
3846260 27189
2063874 2663
2252195 22566
3606038 18588
3138245 9467
4276867 13189
433063 21547
49617 9099
247226 31203
501051 1570
1369458 25967
4569405 11531
4646819 7975
567531 31495
470591 26803
3898915 7450
3196272 25791
3840133 1775
1443569 18300
4552078 3585
2595333 893
4910103 4750
2340722 24271
1128990 30338
1433258 19047
3529658 479
3052683 18990
35568 4422
3956135 18008
3626742 22194
2013188 20178
451357 23941
3477469 16345
3831913 14964
2120061 25385
757504 9462
2058102 11069
1543529 31552
759149 3730
2450844 13049
1204065 26363
548773 18470
2316747 7511
3704398 10498
1057352 25679
543043 14522
881563 25834
3517022 7240
4119492 5651
815477 27616
3779178 5220
1172348 26798
1821635 16857
3831662 18902
2639420 19770
229273 25841
1888888 3917
2171892 13698
2681749 65
3896932 25619
812003 29130
298631 14589
1538630 19172
3646407 12295
4309681 18490
1126177 31071
2366459 20643
3427633 27037
3952630 20274
4958782 32203
4618290 19662
3090997 31151
4238890 16717
1428703 5566
3853661 22659
2470386 32651
2669601 16840
2091497 27283
2518058 8421
1780581 26787
2714287 27999
64979 2138
2000530 2461
1180205 7540
3304459 11622
3983760 27098
4360481 30614
688493 28596
1617746 10538
1720538 21476
574917 16371
2605752 13758
4362255 29065
2262401 3034
2600393 30548
2748792 16193
4360137 17103
1928211 13694
1712627 7498
4905248 3879
1481149 30931
1720875 25598
4515436 24599
1231443 1731
1562861 4434
3873967 10816
3946704 29866
4560308 28223
1870792 22667
512469 13930
3129814 16090
4293743 1604
1006474 7195
65158 17589
3607809 17889
4470040 3818
3657975 26
892503 30066
4126840 12570
1785395 28641
4877651 21109
1890083 21085
3931250 18686
2561381 28128
44277 30862
4243565 3872
3350885 14428
1480889 6478
3854925 21265
2605045 20778
3223855 2520
4294773 25134
2532675 13336
3361001 2737
3105974 7590
3561071 32080
4382145 17282
3268718 13573
2133037 4998
4057162 1717
1939539 28047
4479103 30231
1150839 25858
3292645 3394
2009645 14272
1771862 32072
2732480 11238
3973542 29608
2053277 6125
1341401 9078
3840169 20736
4797939 21138
2241426 10663
1791575 6724
4837700 7961
3636002 18448
950684 24016
1379507 13993
2842944 30259
3217058 24643
1690677 119
3593041 8891
2641623 6915
737929 841
2167615 12536
4597759 700
4525093 24241
3302448 5227
2996224 10324
2758133 22885
392170 6862
1295084 11909
3786923 27085
4023024 14193
1059412 15765
2685407 10677
2840704 14790
3350891 621
877734 25190
437998 22086
195621 30424
991376 24254
1708108 12927
4956068 6366
1022438 12600
3204318 2290
4856339 2556
3084632 21478
3153787 7239
765020 10827
541988 7441
2993642 19002
3240104 13946
578509 29833
2099761 6533
1874804 26385
1438842 17260
1641620 4343
781187 113
634591 5934
4150656 29761
148411 11959
2528738 13370
1245507 8007
850951 23101
4914958 15441
2917013 30412
3571060 7093
4745402 32676
437373 6266
1525275 21528
330761 5469
62729 17107
3922451 17953
3942570 13519
4743407 22494
78440 20383
2641409 28607
384360 5471
1730654 29947
154523 21229
4896766 17887
2586632 7470
2410666 8522
2838160 17553
2077091 1259
3891687 4629
448317 22045
3573388 25452
1570466 11833
2626919 25631
2401267 25776
1004314 16320
554007 16469
2169722 19842
85463 26260
4483793 28630
2193043 31376
3156626 17117
3360620 14171
2928964 19154
3674693 30664
2763000 12212
1007551 25476
3800943 17877
2890361 11385
2731434 15144
635563 14504
4483888 20308
1571430 5123
4644074 4346
3371981 25318
1126292 17591
3347123 6461
4941461 27330
4997369 17291
4014179 24117
3189914 1595
4415936 21867
311453 27909
4747981 11503
696816 1883
3675385 28402
2317157 28681
678310 1866
1883171 3477
2482764 6238
1712047 26115
947311 32657
4050053 7171
822740 22530
1774320 25790
3780998 16586
1044489 19631
2448388 26610
2206919 18259
4284609 28119
4812716 6300
3976853 11458
3324593 30806
3504854 24272
1612294 12054
3330146 4229
4720428 10559
2439421 22688
3672033 26685
2725329 32261
